
dates <- c("3/5/2024", "3/4/2024", "3/3/2024", "3/2/2024", "3/1/2024", 
           "2/29/2024", "2/28/2024", "2/27/2024", "2/23/2024", "2/20/2024", 
           "2/19/2024", "2/16/2024", "2/15/2024", "2/13/2024", "2/6/2024", 
           "2/1/2024", "1/31/2024", "1/30/2024", "1/26/2024", "1/23/2024", 
           "1/20/2024", "1/19/2024", "1/16/2024", "1/15/2024", "1/9/2024", 
           "1/2/2024", "1/1/2024", "12/31/2023", "12/29/2023", "12/26/2023", 
           "12/20/2023", "12/19/2023", "12/16/2023", "12/15/2023", "12/12/2023", 
           "12/5/2023", "12/1/2023", "11/30/2023", "11/28/2023", "11/24/2023", 
           "11/21/2023", "11/20/2023", "11/19/2023", "11/16/2023", "11/15/2023", 
           "11/14/2023", "11/7/2023", "11/1/2023", "10/31/2023", "10/27/2023", 
           "10/24/2023", "10/20/2023", "10/19/2023", "10/17/2023", "10/16/2023", 
           "10/15/2023", "10/10/2023", "10/3/2023", "10/1/2023", "9/30/2023", 
           "9/29/2023", "9/26/2023", "9/20/2023", "9/19/2023", "9/16/2023", 
           "9/15/2023", "9/12/2023", "9/5/2023", "9/1/2023", "8/31/2023", 
           "8/29/2023", "8/25/2023", "8/22/2023", "8/20/2023", "8/19/2023", 
           "8/16/2023", "8/15/2023", "8/8/2023", "8/1/2023", "7/31/2023", 
           "7/28/2023", "7/25/2023", "7/20/2023", "7/19/2023", "7/18/2023", 
           "7/16/2023", "7/15/2023", "7/11/2023", "7/4/2023", "7/1/2023", 
           "6/30/2023", "6/27/2023", "6/20/2023", "6/19/2023", "6/16/2023", 
           "6/15/2023", "6/13/2023", "6/6/2023", "6/1/2023", "5/31/2023", 
           "5/30/2023", "5/26/2023", "5/23/2023", "5/20/2023", "5/19/2023", 
           "5/16/2023", "5/15/2023", "5/9/2023", "5/2/2023", "5/1/2023", 
           "4/30/2023", "4/28/2023", "4/25/2023", "4/20/2023", "4/19/2023", 
           "4/18/2023", "4/16/2023", "4/15/2023", "4/11/2023", "4/5/2023", 
           "4/4/2023", "4/1/2023", "3/31/2023", "3/28/2023", "3/27/2023", 
           "3/21/2023", "3/20/2023", "3/19/2023", "3/16/2023", "3/15/2023", 
           "3/14/2023", "3/7/2023", "3/1/2023", "2/28/2023", "2/24/2023", 
           "2/21/2023", "2/20/2023", "2/19/2023", "2/16/2023", "2/15/2023", 
           "2/14/2023", "2/7/2023", "2/1/2023", "1/31/2023", "1/27/2023", 
           "1/26/2023", "1/24/2023", "1/20/2023", "1/19/2023", "1/17/2023", 
           "1/16/2023", "1/15/2023", "1/10/2023", "1/3/2023", "1/1/2023", 
           "12/31/2022", "12/30/2022", "12/27/2022", "12/20/2022", "12/19/2022", 
           "12/16/2022", "12/15/2022", "12/13/2022", "12/6/2022", "12/3/2022", 
           "12/1/2022", "11/30/2022", "11/29/2022", "11/25/2022", "11/22/2022", 
           "11/20/2022", "11/19/2022", "11/18/2022", "11/16/2022", "11/15/2022", 
           "11/8/2022", "11/1/2022", "10/31/2022", "10/28/2022", "10/25/2022", 
           "10/20/2022", "10/19/2022", "10/18/2022", "10/16/2022", "10/15/2022", 
           "10/11/2022", "10/4/2022", "10/1/2022", "9/30/2022", "9/27/2022", 
           "9/20/2022", "9/19/2022", "9/16/2022", "9/15/2022", "9/13/2022", 
           "9/6/2022", "9/1/2022", "8/31/2022", "8/30/2022", "8/26/2022"
)

money <- c(413783.04, 413806.93, 413830.83, 413854.73, 413878.63, 401901.84, 
           401925.05, 401948.26, 402041.13, 402110.79, 403634.1, 401776.44, 
           401799.64, 401846.05, 402008.51, 402124.6, 390147.13, 390169.66, 
           390259.81, 390327.43, 390395.07, 391917.7, 390051.74, 390074.26, 
           390209.43, 390367.19, 390389.73, 378411.59, 378455.3, 378520.88, 
           378652.07, 380174.02, 378525.01, 378546.86, 378612.45, 378765.52, 
           378853.01, 366874.2, 366916.58, 367001.36, 367064.95, 367086.15, 
           368607.44, 367062.9, 367084.1, 367105.29, 367253.71, 367380.98, 
           355401.5, 355483.62, 355545.22, 355627.36, 357147.99, 355638.31, 
           355658.85, 355679.39, 355782.09, 355925.93, 355967.04, 343986.91, 
           344006.78, 344066.39, 344185.64, 345705.6, 344236.18, 344256.06, 
           344315.7, 344454.91, 344534.48, 332553.68, 332592.1, 332668.95, 
           332726.59, 332765.03, 334284.33, 332466.83, 332486.03, 332620.45, 
           332754.93, 320773.45, 320829.04, 320884.64, 320977.32, 322495.94, 
           320403.84, 320440.85, 320459.35, 320533.38, 320662.97, 320718.52, 
           308736.35, 308789.85, 308914.72, 310432.65, 308442.28, 308460.09, 
           308495.72, 308620.44, 308709.56, 296726.7, 296743.84, 296812.4, 
           296863.84, 296915.28, 298432.51, 296410.11, 296427.22, 296529.94, 
           296649.83, 296666.96, 284683.4, 284716.29, 284765.63, 284847.88, 
           286364.41, 284327.91, 284360.75, 284377.17, 284442.86, 284541.43, 
           283057.78, 283106.83, 283123.18, 283172.24, 283188.6, 283286.75, 
           283303.11, 284819.56, 271242.32, 271257.99, 271273.66, 271383.36, 
           271477.42, 271493.1, 271555.83, 271602.89, 271618.58, 273134.35, 
           259619.58, 259634.57, 259649.57, 259754.57, 259844.6, 259859.61, 
           259919.65, 259934.66, 259964.69, 260024.76, 261539.86, 248255.7, 
           248270.04, 248284.38, 248356.09, 248456.52, 248485.23, 248499.58, 
           248513.93, 248557, 248657.51, 250171.96, 236918.57, 236932.25, 
           236959.62, 237055.45, 237096.53, 237123.92, 237137.61, 237151.31, 
           237206.11, 237247.21, 237274.62, 238788.41, 225611.42, 225637.49, 
           225650.52, 225741.77, 225833.06, 225846.1, 225885.24, 225924.39, 
           225989.64, 227502.78, 214465.58, 214490.35, 214502.74, 214552.31, 
           214639.07, 214676.27, 214688.67, 214725.87, 214812.71, 216325.2, 
           203451.58, 203463.34, 203486.84, 203569.13, 203627.93, 203639.69, 
           203651.45, 203698.5)

library(tidyverse)
library(data.table)

dt <- data.table(date = as.Date(dates, format = "%m/%d/%Y"), money = money)
# get day of the month
dt[, day := day(date)]
# subset first day of the month
dt <- dt[day == 1]
dt[, diff := shift(money, fill = 0) - money]
## plot
ggplot(dt, aes(x = date, y = money)) +
  geom_line() +
  scale_x_date(date_labels = "%b %Y", date_breaks = "4 month") +
  theme_minimal()

